62,3
56,1
56,3
15,1
15,3
19,1
19,3
62,1
62,4
61,3
0,321
0,324
0,323
16,3
0,320
0,318
0,317
66,3
66,2
0,316
66,1
66,0
0,7
9,1
9,3
10,1
10,3
0,314
0,313
65,3
65,2
0,312
65,1
65,0
12,1
12,4
13,1
13,3
14,1
14,3
2,2
2,0
2,4
0,308
0,307
0,431
0,12
0,1
0,310
0,433
0,432
0,430
0,429
0,428
0,427
57,1
57,5
2,5
0,425
0,424
64,3
64,2
0,423
64,1
64,0
0,422
11,1
11,3
0,421
0,300
0,299
0,298
0,297
0,296
0,295
0,294
0,293
0,292
0,291
0,290
0,289
0,288
0,287
0,286
0,285
0,284
0,283
0,277
0,274
0,273
0,272
0,271
0,270
0,269
0,268
0,267
0,266
0,265
0,264
0,263
0,262
0,261
0,260
0,259
0,258
0,257
0,256
0,255
0,254
0,253
0,252
0,251
0,250
0,249
0,248
0,247
0,246
0,245
0,244
0,242
0,241
0,240
0,239
0,238
0,237
0,236
0,235
0,234
0,233
0,232
0,231
0,230
0,229
0,228
0,227
0,226
0,225
0,224
0,223
0,222
0,221
0,220
0,219
0,218
0,217
0,215
0,214
0,213
0,212
0,211
0,210
0,209
0,208
0,207
0,206
0,282
0,419
0,281
0,418
0,280
0,304
0,303
63,4
63,3
63,2
0,11
0,10
0,9
0,417
0,8
63,1
63,0
0,279
0,415
0,416
0,414
0,413
0,412
0,411
0,410
0,409
0,407
0,406
0,405
0,278
0,276
0,275
0,404
17,1
17,3
0,403
0,402
0,401
0,400
0,399
0,398
0,397
0,396
0,395
0,394
0,393
0,205
0,204
0,203
0,202
0,201
0,200
0,199
0,198
0,392
0,391
0,390
0,372
0,388
0,389
0,371
0,370
0,387
0,385
0,382
0,197
0,196
0,195
0,194
0,193
0,192
0,63
0,369
0,378
2,1
2,3
0,377
1,3
0,376
0,375
0,374
0,216
0,62
0,61
0,60
0,59
0,58
0,57
0,56
0,55
0,54
0,53
0,52
0,51
0,50
